Variable Region Level Season AbsMeanError
siconc Atlantic_Basin surface MAM 0.24483459472656932
siconc Atlantic_Basin surface JJA 17.570579833984375
siconc Atlantic_Basin surface SON 8.700696716308599
siconc Atlantic_Basin surface DJF 1.7185842895507761
siconc Pacific_Basin surface MAM 13.837362670898429
siconc Pacific_Basin surface JJA 58.535552978515625
siconc Pacific_Basin surface SON 40.33673767089844
siconc Pacific_Basin surface DJF 8.383426513671878
siconc Indian_Basin surface MAM nan
siconc Indian_Basin surface JJA nan
siconc Indian_Basin surface SON nan
siconc Indian_Basin surface DJF nan
siconc Arctic_Basin surface MAM nan
siconc Arctic_Basin surface JJA nan
siconc Arctic_Basin surface SON nan
siconc Arctic_Basin surface DJF nan
siconc Southern_Ocean_Basin surface MAM nan
siconc Southern_Ocean_Basin surface JJA nan
siconc Southern_Ocean_Basin surface SON nan
siconc Southern_Ocean_Basin surface DJF nan
siconc Mediterranean_Basin surface MAM nan
siconc Mediterranean_Basin surface JJA nan
siconc Mediterranean_Basin surface SON nan
siconc Mediterranean_Basin surface DJF nan
siconc Asia surface MAM nan
siconc Asia surface JJA nan
siconc Asia surface SON nan
siconc Asia surface DJF nan
siconc North_America surface MAM 5.393272562976927
siconc North_America surface JJA 14.74568744659424
siconc North_America surface SON 8.220956764221192
siconc North_America surface DJF 0.3620623192191124
siconc Europe surface MAM 26.62384585445093
siconc Europe surface JJA 14.456224347970496
siconc Europe surface SON 15.072270441425541
siconc Europe surface DJF 28.19800645627552
siconc Africa surface MAM 17.029078224256
siconc Africa surface JJA 2.1296323674201654
siconc Africa surface SON 6.479158851573419
siconc Africa surface DJF 22.482267936617262
siconc South_America surface MAM nan
siconc South_America surface JJA nan
siconc South_America surface SON nan
siconc South_America surface DJF nan
siconc Oceania surface MAM 5.636341616123207
siconc Oceania surface JJA 7.69504101336213
siconc Oceania surface SON 10.275582308229009
siconc Oceania surface DJF 7.457122811285709
siconc Australia surface MAM 36.33066632228239
siconc Australia surface JJA 19.466922313832438
siconc Australia surface SON 18.9530541453748
siconc Australia surface DJF 29.597445763165748
siconc Antarctica surface MAM nan
siconc Antarctica surface JJA nan
siconc Antarctica surface SON nan
siconc Antarctica surface DJF nan
siconc glob surface MAM 39.005752037750504
siconc glob surface JJA 19.780806173151568
siconc glob surface SON 18.158670352397085
siconc glob surface DJF 33.66551861719642
siconc arctic surface MAM 39.005752037750504
siconc arctic surface JJA 19.780806173151568
siconc arctic surface SON 18.158670352397085
siconc arctic surface DJF 33.66551861719642
siconc northmid surface MAM 39.005752037750504
siconc northmid surface JJA 19.780806173151568
siconc northmid surface SON 18.158670352397085
siconc northmid surface DJF 33.66551861719642
siconc tropics surface MAM 39.005752037750504
siconc tropics surface JJA 19.780806173151568
siconc tropics surface SON 18.158670352397085
siconc tropics surface DJF 33.66551861719642
siconc innertropics surface MAM 39.005752037750504
siconc innertropics surface JJA 19.780806173151568
siconc innertropics surface SON 18.158670352397085
siconc innertropics surface DJF 33.66551861719642
siconc nino34 surface MAM 39.005752037750504
siconc nino34 surface JJA 19.780806173151568
siconc nino34 surface SON 18.158670352397085
siconc nino34 surface DJF 33.66551861719642
siconc southmid surface MAM 39.005752037750504
siconc southmid surface JJA 19.780806173151568
siconc southmid surface SON 18.158670352397085
siconc southmid surface DJF 33.66551861719642
siconc antarctic surface MAM 39.005752037750504
siconc antarctic surface JJA 19.780806173151568
siconc antarctic surface SON 18.158670352397085
siconc antarctic surface DJF 33.66551861719642
tas Atlantic_Basin surface MAM 1.6479115
tas Atlantic_Basin surface JJA 1.8187152
tas Atlantic_Basin surface SON 2.4663324
tas Atlantic_Basin surface DJF 2.609707
tas Pacific_Basin surface MAM 2.1023755
tas Pacific_Basin surface JJA 2.4329007
tas Pacific_Basin surface SON 2.5797558
tas Pacific_Basin surface DJF 2.8290188
tas Indian_Basin surface MAM 2.0780504
tas Indian_Basin surface JJA 2.2925966
tas Indian_Basin surface SON 2.890039
tas Indian_Basin surface DJF 5.052604
tas Arctic_Basin surface MAM 2.0210643
tas Arctic_Basin surface JJA 2.102819
tas Arctic_Basin surface SON 2.099927
tas Arctic_Basin surface DJF 1.8199853
tas Southern_Ocean_Basin surface MAM 1.2989919
tas Southern_Ocean_Basin surface JJA 2.0263908
tas Southern_Ocean_Basin surface SON 1.3950095
tas Southern_Ocean_Basin surface DJF 1.5561553
tas Mediterranean_Basin surface MAM 3.0331976
tas Mediterranean_Basin surface JJA 3.1384528
tas Mediterranean_Basin surface SON 1.6842014
tas Mediterranean_Basin surface DJF 2.3575912
tas Asia surface MAM 1.2739769
tas Asia surface JJA 2.0069778
tas Asia surface SON 1.0825185
tas Asia surface DJF 1.8599778
tas North_America surface MAM 1.8818411
tas North_America surface JJA 2.0450296
tas North_America surface SON 5.8074617
tas North_America surface DJF 13.962878
tas Europe surface MAM 1.7360231
tas Europe surface JJA 1.7714732
tas Europe surface SON 1.8687593
tas Europe surface DJF 2.8627484
tas Africa surface MAM 1.2382169
tas Africa surface JJA 1.091681
tas Africa surface SON 1.0533444
tas Africa surface DJF 1.4410555
tas South_America surface MAM 1.460795
tas South_America surface JJA 0.8110115
tas South_America surface SON 0.62750363
tas South_America surface DJF 1.1646717
tas Oceania surface MAM 2.3842008
tas Oceania surface JJA 1.7070206
tas Oceania surface SON 4.6536875
tas Oceania surface DJF 7.774941
tas Australia surface MAM 3.1424747
tas Australia surface JJA 2.2029808
tas Australia surface SON 1.8300651
tas Australia surface DJF 2.3370485
tas Antarctica surface MAM 1.5056711
tas Antarctica surface JJA 1.850256
tas Antarctica surface SON 2.1092105
tas Antarctica surface DJF 1.1594751
tas glob surface MAM 3.4968622
tas glob surface JJA 2.6426568
tas glob surface SON 4.305614
tas glob surface DJF 8.936816
tas arctic surface MAM 3.4968622
tas arctic surface JJA 2.6426568
tas arctic surface SON 4.305614
tas arctic surface DJF 8.936816
tas northmid surface MAM 3.4968622
tas northmid surface JJA 2.6426568
tas northmid surface SON 4.305614
tas northmid surface DJF 8.936816
tas tropics surface MAM 3.4968622
tas tropics surface JJA 2.6426568
tas tropics surface SON 4.305614
tas tropics surface DJF 8.936816
tas innertropics surface MAM 3.4968622
tas innertropics surface JJA 2.6426568
tas innertropics surface SON 4.305614
tas innertropics surface DJF 8.936816
tas nino34 surface MAM 3.4968622
tas nino34 surface JJA 2.6426568
tas nino34 surface SON 4.305614
tas nino34 surface DJF 8.936816
tas southmid surface MAM 3.4968622
tas southmid surface JJA 2.6426568
tas southmid surface SON 4.305614
tas southmid surface DJF 8.936816
tas antarctic surface MAM 3.4968622
tas antarctic surface JJA 2.6426568
tas antarctic surface SON 4.305614
tas antarctic surface DJF 8.936816
clt Atlantic_Basin surface MAM 8.60537
clt Atlantic_Basin surface JJA 8.424837
clt Atlantic_Basin surface SON 9.983855
clt Atlantic_Basin surface DJF 12.755293
clt Pacific_Basin surface MAM 13.925605
clt Pacific_Basin surface JJA 12.98195
clt Pacific_Basin surface SON 11.389231
clt Pacific_Basin surface DJF 14.404083
clt Indian_Basin surface MAM 5.0823545
clt Indian_Basin surface JJA 4.9925337
clt Indian_Basin surface SON 5.9843817
clt Indian_Basin surface DJF 7.565658
clt Arctic_Basin surface MAM 15.642921
clt Arctic_Basin surface JJA 14.43195
clt Arctic_Basin surface SON 20.35938
clt Arctic_Basin surface DJF 14.634216
clt Southern_Ocean_Basin surface MAM 12.223439
clt Southern_Ocean_Basin surface JJA 13.871843
clt Southern_Ocean_Basin surface SON 9.164169
clt Southern_Ocean_Basin surface DJF 10.657677
clt Mediterranean_Basin surface MAM 6.83474
clt Mediterranean_Basin surface JJA 9.551545
clt Mediterranean_Basin surface SON 7.8700466
clt Mediterranean_Basin surface DJF 5.5577316
clt Asia surface MAM 17.316572
clt Asia surface JJA 12.298104
clt Asia surface SON 7.3272843
clt Asia surface DJF 14.981476
clt North_America surface MAM 47.576187
clt North_America surface JJA 42.701275
clt North_America surface SON 31.70697
clt North_America surface DJF 28.295082
clt Europe surface MAM 13.075944
clt Europe surface JJA 13.273418
clt Europe surface SON 10.309161
clt Europe surface DJF 13.291849
clt Africa surface MAM 11.294351
clt Africa surface JJA 11.043611
clt Africa surface SON 12.484725
clt Africa surface DJF 13.543553
clt South_America surface MAM 10.245758
clt South_America surface JJA 18.91561
clt South_America surface SON 15.273605
clt South_America surface DJF 13.149133
clt Oceania surface MAM 13.555185
clt Oceania surface JJA 11.600484
clt Oceania surface SON 9.551731
clt Oceania surface DJF 13.705218
clt Australia surface MAM 11.040842
clt Australia surface JJA 11.299147
clt Australia surface SON 9.410012
clt Australia surface DJF 6.1492167
clt Antarctica surface MAM 4.9964237
clt Antarctica surface JJA 6.1851077
clt Antarctica surface SON 5.426459
clt Antarctica surface DJF 12.396969
clt glob surface MAM 29.98718
clt glob surface JJA 27.625668
clt glob surface SON 20.27027
clt glob surface DJF 19.70369
clt arctic surface MAM 29.98718
clt arctic surface JJA 27.625668
clt arctic surface SON 20.27027
clt arctic surface DJF 19.70369
clt northmid surface MAM 29.98718
clt northmid surface JJA 27.625668
clt northmid surface SON 20.27027
clt northmid surface DJF 19.70369
clt tropics surface MAM 29.98718
clt tropics surface JJA 27.625668
clt tropics surface SON 20.27027
clt tropics surface DJF 19.70369
clt innertropics surface MAM 29.98718
clt innertropics surface JJA 27.625668
clt innertropics surface SON 20.27027
clt innertropics surface DJF 19.70369
clt nino34 surface MAM 29.98718
clt nino34 surface JJA 27.625668
clt nino34 surface SON 20.27027
clt nino34 surface DJF 19.70369
clt southmid surface MAM 29.98718
clt southmid surface JJA 27.625668
clt southmid surface SON 20.27027
clt southmid surface DJF 19.70369
clt antarctic surface MAM 29.98718
clt antarctic surface JJA 27.625668
clt antarctic surface SON 20.27027
clt antarctic surface DJF 19.70369
pr Atlantic_Basin surface MAM 7.677321e-06
pr Atlantic_Basin surface JJA 1.2383936e-05
pr Atlantic_Basin surface SON 7.5008697e-06
pr Atlantic_Basin surface DJF 5.942775e-06
pr Pacific_Basin surface MAM 5.4323846e-06
pr Pacific_Basin surface JJA 8.108967e-06
pr Pacific_Basin surface SON 5.184588e-06
pr Pacific_Basin surface DJF 5.7135067e-06
pr Indian_Basin surface MAM 5.433625e-06
pr Indian_Basin surface JJA 1.2362761e-05
pr Indian_Basin surface SON 7.0399064e-06
pr Indian_Basin surface DJF 9.086771e-06
pr Arctic_Basin surface MAM 6.991407e-06
pr Arctic_Basin surface JJA 9.794498e-06
pr Arctic_Basin surface SON 5.375134e-06
pr Arctic_Basin surface DJF 5.9307695e-06
pr Southern_Ocean_Basin surface MAM 3.145001e-05
pr Southern_Ocean_Basin surface JJA 2.0511574e-05
pr Southern_Ocean_Basin surface SON 1.4665382e-05
pr Southern_Ocean_Basin surface DJF 3.1169682e-05
pr Mediterranean_Basin surface MAM 1.2122241e-05
pr Mediterranean_Basin surface JJA 1.7504835e-05
pr Mediterranean_Basin surface SON 1.8578452e-05
pr Mediterranean_Basin surface DJF 1.5206975e-05
pr Asia surface MAM 5.5409078e-06
pr Asia surface JJA 2.1896044e-06
pr Asia surface SON 6.324487e-06
pr Asia surface DJF 7.773797e-06
pr North_America surface MAM 2.2141887e-06
pr North_America surface JJA 3.2440983e-06
pr North_America surface SON 2.1199023e-06
pr North_America surface DJF 3.7302348e-06
pr Europe surface MAM 1.3562343e-05
pr Europe surface JJA 1.0163851e-05
pr Europe surface SON 8.526956e-06
pr Europe surface DJF 1.2991446e-05
pr Africa surface MAM 1.7093374e-05
pr Africa surface JJA 1.7599197e-05
pr Africa surface SON 1.5484798e-05
pr Africa surface DJF 1.5901242e-05
pr South_America surface MAM 1.130728e-05
pr South_America surface JJA 1.3952957e-05
pr South_America surface SON 1.17566315e-05
pr South_America surface DJF 1.115944e-05
pr Oceania surface MAM 3.1342831e-06
pr Oceania surface JJA 2.533385e-06
pr Oceania surface SON 1.8213042e-06
pr Oceania surface DJF 2.0943703e-06
pr Australia surface MAM 5.417864e-06
pr Australia surface JJA 6.6633243e-06
pr Australia surface SON 5.1689885e-06
pr Australia surface DJF 3.5665596e-06
pr Antarctica surface MAM 7.836129e-06
pr Antarctica surface JJA 4.530911e-06
pr Antarctica surface SON 1.0317611e-05
pr Antarctica surface DJF 1.0431476e-05
pr glob surface MAM 4.4275744e-06
pr glob surface JJA 4.654135e-06
pr glob surface SON 3.2532803e-06
pr glob surface DJF 3.4599939e-06
pr arctic surface MAM 4.4275744e-06
pr arctic surface JJA 4.654135e-06
pr arctic surface SON 3.2532803e-06
pr arctic surface DJF 3.4599939e-06
pr northmid surface MAM 4.4275744e-06
pr northmid surface JJA 4.654135e-06
pr northmid surface SON 3.2532803e-06
pr northmid surface DJF 3.4599939e-06
pr tropics surface MAM 4.4275744e-06
pr tropics surface JJA 4.654135e-06
pr tropics surface SON 3.2532803e-06
pr tropics surface DJF 3.4599939e-06
pr innertropics surface MAM 4.4275744e-06
pr innertropics surface JJA 4.654135e-06
pr innertropics surface SON 3.2532803e-06
pr innertropics surface DJF 3.4599939e-06
pr nino34 surface MAM 4.4275744e-06
pr nino34 surface JJA 4.654135e-06
pr nino34 surface SON 3.2532803e-06
pr nino34 surface DJF 3.4599939e-06
pr southmid surface MAM 4.4275744e-06
pr southmid surface JJA 4.654135e-06
pr southmid surface SON 3.2532803e-06
pr southmid surface DJF 3.4599939e-06
pr antarctic surface MAM 4.4275744e-06
pr antarctic surface JJA 4.654135e-06
pr antarctic surface SON 3.2532803e-06
pr antarctic surface DJF 3.4599939e-06
rlut Atlantic_Basin surface MAM 5.566448
rlut Atlantic_Basin surface JJA 10.254319
rlut Atlantic_Basin surface SON 10.283153
rlut Atlantic_Basin surface DJF 6.677364
rlut Pacific_Basin surface MAM 5.811803
rlut Pacific_Basin surface JJA 11.53129
rlut Pacific_Basin surface SON 8.540041
rlut Pacific_Basin surface DJF 8.256017
rlut Indian_Basin surface MAM 4.977094
rlut Indian_Basin surface JJA 8.7404785
rlut Indian_Basin surface SON 7.142199
rlut Indian_Basin surface DJF 7.1296787
rlut Arctic_Basin surface MAM 8.228532
rlut Arctic_Basin surface JJA 9.834909
rlut Arctic_Basin surface SON 12.819354
rlut Arctic_Basin surface DJF 9.699272
rlut Southern_Ocean_Basin surface MAM 13.18135
rlut Southern_Ocean_Basin surface JJA 13.727717
rlut Southern_Ocean_Basin surface SON 9.648374
rlut Southern_Ocean_Basin surface DJF 13.298378
rlut Mediterranean_Basin surface MAM 4.5902348
rlut Mediterranean_Basin surface JJA 8.68617
rlut Mediterranean_Basin surface SON 9.559658
rlut Mediterranean_Basin surface DJF 4.640744
rlut Asia surface MAM 13.136741
rlut Asia surface JJA 7.188752
rlut Asia surface SON 7.6836467
rlut Asia surface DJF 14.42252
rlut North_America surface MAM 2.1234481
rlut North_America surface JJA 2.658187
rlut North_America surface SON 3.7156494
rlut North_America surface DJF 11.490461
rlut Europe surface MAM 9.871602
rlut Europe surface JJA 9.17001
rlut Europe surface SON 6.789406
rlut Europe surface DJF 10.464321
rlut Africa surface MAM 8.331471
rlut Africa surface JJA 10.776389
rlut Africa surface SON 9.116643
rlut Africa surface DJF 7.466717
rlut South_America surface MAM 6.8870945
rlut South_America surface JJA 8.393047
rlut South_America surface SON 9.0666275
rlut South_America surface DJF 8.208992
rlut Oceania surface MAM 6.478672
rlut Oceania surface JJA 7.4739795
rlut Oceania surface SON 7.2363806
rlut Oceania surface DJF 13.3533
rlut Australia surface MAM 2.6941547
rlut Australia surface JJA 4.0738916
rlut Australia surface SON 2.9678185
rlut Australia surface DJF 3.0741644
rlut Antarctica surface MAM 2.0479774
rlut Antarctica surface JJA 10.463555
rlut Antarctica surface SON 5.5060067
rlut Antarctica surface DJF 2.0523295
rlut glob surface MAM 3.1584969
rlut glob surface JJA 3.3831336
rlut glob surface SON 2.8844738
rlut glob surface DJF 7.6119666
rlut arctic surface MAM 3.1584969
rlut arctic surface JJA 3.3831336
rlut arctic surface SON 2.8844738
rlut arctic surface DJF 7.6119666
rlut northmid surface MAM 3.1584969
rlut northmid surface JJA 3.3831336
rlut northmid surface SON 2.8844738
rlut northmid surface DJF 7.6119666
rlut tropics surface MAM 3.1584969
rlut tropics surface JJA 3.3831336
rlut tropics surface SON 2.8844738
rlut tropics surface DJF 7.6119666
rlut innertropics surface MAM 3.1584969
rlut innertropics surface JJA 3.3831336
rlut innertropics surface SON 2.8844738
rlut innertropics surface DJF 7.6119666
rlut nino34 surface MAM 3.1584969
rlut nino34 surface JJA 3.3831336
rlut nino34 surface SON 2.8844738
rlut nino34 surface DJF 7.6119666
rlut southmid surface MAM 3.1584969
rlut southmid surface JJA 3.3831336
rlut southmid surface SON 2.8844738
rlut southmid surface DJF 7.6119666
rlut antarctic surface MAM 3.1584969
rlut antarctic surface JJA 3.3831336
rlut antarctic surface SON 2.8844738
rlut antarctic surface DJF 7.6119666
uas Atlantic_Basin surface MAM 1.4148833
uas Atlantic_Basin surface JJA 1.4944068
uas Atlantic_Basin surface SON 1.2520512
uas Atlantic_Basin surface DJF 1.3205442
uas Pacific_Basin surface MAM 1.7765685
uas Pacific_Basin surface JJA 1.4950926
uas Pacific_Basin surface SON 1.6318617
uas Pacific_Basin surface DJF 1.5395722
uas Indian_Basin surface MAM 1.5291815
uas Indian_Basin surface JJA 1.327612
uas Indian_Basin surface SON 1.3725287
uas Indian_Basin surface DJF 1.347881
uas Arctic_Basin surface MAM 2.1593444
uas Arctic_Basin surface JJA 1.8045217
uas Arctic_Basin surface SON 2.1557975
uas Arctic_Basin surface DJF 2.4161782
uas Southern_Ocean_Basin surface MAM 1.6465533
uas Southern_Ocean_Basin surface JJA 1.8763762
uas Southern_Ocean_Basin surface SON 1.8442625
uas Southern_Ocean_Basin surface DJF 1.6591583
uas Mediterranean_Basin surface MAM 1.4986992
uas Mediterranean_Basin surface JJA 1.073007
uas Mediterranean_Basin surface SON 2.0756032
uas Mediterranean_Basin surface DJF 1.9228724
uas Asia surface MAM 2.987592
uas Asia surface JJA 2.2957747
uas Asia surface SON 2.2366874
uas Asia surface DJF 2.7951636
uas North_America surface MAM 5.4509306
uas North_America surface JJA 5.889757
uas North_America surface SON 5.4086514
uas North_America surface DJF 4.017694
uas Europe surface MAM 1.0770102
uas Europe surface JJA 0.6636115
uas Europe surface SON 0.5913678
uas Europe surface DJF 1.1092752
uas Africa surface MAM 0.92916816
uas Africa surface JJA 1.0853071
uas Africa surface SON 0.86099774
uas Africa surface DJF 0.9340557
uas South_America surface MAM 0.6816883
uas South_America surface JJA 0.9546469
uas South_America surface SON 0.97406113
uas South_America surface DJF 0.83378404
uas Oceania surface MAM 0.8145761
uas Oceania surface JJA 0.73960215
uas Oceania surface SON 0.60071945
uas Oceania surface DJF 0.77563953
uas Australia surface MAM 0.83869594
uas Australia surface JJA 1.1271873
uas Australia surface SON 1.216069
uas Australia surface DJF 1.0049188
uas Antarctica surface MAM 0.6505691
uas Antarctica surface JJA 1.1824325
uas Antarctica surface SON 0.62241536
uas Antarctica surface DJF 0.5214173
uas glob surface MAM 3.80831
uas glob surface JJA 4.0777636
uas glob surface SON 3.8355916
uas glob surface DJF 2.8983507
uas arctic surface MAM 3.80831
uas arctic surface JJA 4.0777636
uas arctic surface SON 3.8355916
uas arctic surface DJF 2.8983507
uas northmid surface MAM 3.80831
uas northmid surface JJA 4.0777636
uas northmid surface SON 3.8355916
uas northmid surface DJF 2.8983507
uas tropics surface MAM 3.80831
uas tropics surface JJA 4.0777636
uas tropics surface SON 3.8355916
uas tropics surface DJF 2.8983507
uas innertropics surface MAM 3.80831
uas innertropics surface JJA 4.0777636
uas innertropics surface SON 3.8355916
uas innertropics surface DJF 2.8983507
uas nino34 surface MAM 3.80831
uas nino34 surface JJA 4.0777636
uas nino34 surface SON 3.8355916
uas nino34 surface DJF 2.8983507
uas southmid surface MAM 3.80831
uas southmid surface JJA 4.0777636
uas southmid surface SON 3.8355916
uas southmid surface DJF 2.8983507
uas antarctic surface MAM 3.80831
uas antarctic surface JJA 4.0777636
uas antarctic surface SON 3.8355916
uas antarctic surface DJF 2.8983507
vas Atlantic_Basin surface MAM 1.6565
vas Atlantic_Basin surface JJA 1.8583386
vas Atlantic_Basin surface SON 1.3867515
vas Atlantic_Basin surface DJF 1.3620727
vas Pacific_Basin surface MAM 1.8162354
vas Pacific_Basin surface JJA 1.5392374
vas Pacific_Basin surface SON 1.7345941
vas Pacific_Basin surface DJF 1.8831522
vas Indian_Basin surface MAM 1.5468168
vas Indian_Basin surface JJA 1.7416916
vas Indian_Basin surface SON 1.2239686
vas Indian_Basin surface DJF 1.1272845
vas Arctic_Basin surface MAM 1.9076141
vas Arctic_Basin surface JJA 1.7698362
vas Arctic_Basin surface SON 1.7954392
vas Arctic_Basin surface DJF 2.3043435
vas Southern_Ocean_Basin surface MAM 1.2467462
vas Southern_Ocean_Basin surface JJA 1.2082176
vas Southern_Ocean_Basin surface SON 1.4486036
vas Southern_Ocean_Basin surface DJF 1.6824023
vas Mediterranean_Basin surface MAM 1.3244824
vas Mediterranean_Basin surface JJA 1.6948082
vas Mediterranean_Basin surface SON 1.7104114
vas Mediterranean_Basin surface DJF 1.1466016
vas Asia surface MAM 0.6243307
vas Asia surface JJA 0.9316139
vas Asia surface SON 1.1998476
vas Asia surface DJF 1.0440573
vas North_America surface MAM 3.4454339
vas North_America surface JJA 3.732894
vas North_America surface SON 3.3900406
vas North_America surface DJF 2.772362
vas Europe surface MAM 0.8228439
vas Europe surface JJA 0.55802196
vas Europe surface SON 0.63066787
vas Europe surface DJF 1.0296829
vas Africa surface MAM 0.75862336
vas Africa surface JJA 0.7914143
vas Africa surface SON 0.69220495
vas Africa surface DJF 0.89600825
vas South_America surface MAM 0.48049602
vas South_America surface JJA 0.8530421
vas South_America surface SON 0.6627777
vas South_America surface DJF 0.5052532
vas Oceania surface MAM 0.69353336
vas Oceania surface JJA 0.5472907
vas Oceania surface SON 0.6321888
vas Oceania surface DJF 0.85287255
vas Australia surface MAM 0.51884437
vas Australia surface JJA 0.6574122
vas Australia surface SON 0.635133
vas Australia surface DJF 0.48435825
vas Antarctica surface MAM 0.4442866
vas Antarctica surface JJA 0.74703175
vas Antarctica surface SON 0.6637445
vas Antarctica surface DJF 0.6134213
vas glob surface MAM 2.2749503
vas glob surface JJA 2.4309483
vas glob surface SON 2.2180316
vas glob surface DJF 1.8172882
vas arctic surface MAM 2.2749503
vas arctic surface JJA 2.4309483
vas arctic surface SON 2.2180316
vas arctic surface DJF 1.8172882
vas northmid surface MAM 2.2749503
vas northmid surface JJA 2.4309483
vas northmid surface SON 2.2180316
vas northmid surface DJF 1.8172882
vas tropics surface MAM 2.2749503
vas tropics surface JJA 2.4309483
vas tropics surface SON 2.2180316
vas tropics surface DJF 1.8172882
vas innertropics surface MAM 2.2749503
vas innertropics surface JJA 2.4309483
vas innertropics surface SON 2.2180316
vas innertropics surface DJF 1.8172882
vas nino34 surface MAM 2.2749503
vas nino34 surface JJA 2.4309483
vas nino34 surface SON 2.2180316
vas nino34 surface DJF 1.8172882
vas southmid surface MAM 2.2749503
vas southmid surface JJA 2.4309483
vas southmid surface SON 2.2180316
vas southmid surface DJF 1.8172882
vas antarctic surface MAM 2.2749503
vas antarctic surface JJA 2.4309483
vas antarctic surface SON 2.2180316
vas antarctic surface DJF 1.8172882
ua Atlantic_Basin 300hPa MAM 1.7923433
ua Atlantic_Basin 300hPa JJA 1.4426467
ua Atlantic_Basin 300hPa SON 1.7370358
ua Atlantic_Basin 300hPa DJF 1.6642011
ua Pacific_Basin 300hPa MAM 1.5912993
ua Pacific_Basin 300hPa JJA 1.8716239
ua Pacific_Basin 300hPa SON 1.3509142
ua Pacific_Basin 300hPa DJF 2.365231
ua Indian_Basin 300hPa MAM 2.7628787
ua Indian_Basin 300hPa JJA 2.0246012
ua Indian_Basin 300hPa SON 1.3409722
ua Indian_Basin 300hPa DJF 2.3656292
ua Arctic_Basin 300hPa MAM 1.742382
ua Arctic_Basin 300hPa JJA 3.284476
ua Arctic_Basin 300hPa SON 1.9104307
ua Arctic_Basin 300hPa DJF 3.8203394
ua Southern_Ocean_Basin 300hPa MAM 4.5049906
ua Southern_Ocean_Basin 300hPa JJA 7.7728305
ua Southern_Ocean_Basin 300hPa SON 2.7351136
ua Southern_Ocean_Basin 300hPa DJF 2.6313436
ua Mediterranean_Basin 300hPa MAM 2.7876914
ua Mediterranean_Basin 300hPa JJA 2.9096801
ua Mediterranean_Basin 300hPa SON 3.972316
ua Mediterranean_Basin 300hPa DJF 4.880593
ua Asia 300hPa MAM 3.7940726
ua Asia 300hPa JJA 2.7052271
ua Asia 300hPa SON 4.421595
ua Asia 300hPa DJF 4.611935
ua North_America 300hPa MAM 0.91328144
ua North_America 300hPa JJA 1.3198576
ua North_America 300hPa SON 1.053744
ua North_America 300hPa DJF 2.2291198
ua Europe 300hPa MAM 2.8534138
ua Europe 300hPa JJA 2.693474
ua Europe 300hPa SON 2.0706627
ua Europe 300hPa DJF 2.4806523
ua Africa 300hPa MAM 2.643659
ua Africa 300hPa JJA 3.7984023
ua Africa 300hPa SON 2.7961538
ua Africa 300hPa DJF 3.3959925
ua South_America 300hPa MAM 2.2015424
ua South_America 300hPa JJA 4.410073
ua South_America 300hPa SON 3.834564
ua South_America 300hPa DJF 2.748607
ua Oceania 300hPa MAM 1.3250598
ua Oceania 300hPa JJA 2.6926007
ua Oceania 300hPa SON 1.7525942
ua Oceania 300hPa DJF 0.9657307
ua Australia 300hPa MAM 1.7652841
ua Australia 300hPa JJA 2.194398
ua Australia 300hPa SON 2.9141436
ua Australia 300hPa DJF 3.278638
ua Antarctica 300hPa MAM 1.8977298
ua Antarctica 300hPa JJA 2.2484148
ua Antarctica 300hPa SON 1.266901
ua Antarctica 300hPa DJF 4.1349473
ua glob 300hPa MAM 1.229455
ua glob 300hPa JJA 1.6012269
ua glob 300hPa SON 1.7658443
ua glob 300hPa DJF 3.1220644
ua arctic 300hPa MAM 1.229455
ua arctic 300hPa JJA 1.6012269
ua arctic 300hPa SON 1.7658443
ua arctic 300hPa DJF 3.1220644
ua northmid 300hPa MAM 1.229455
ua northmid 300hPa JJA 1.6012269
ua northmid 300hPa SON 1.7658443
ua northmid 300hPa DJF 3.1220644
ua tropics 300hPa MAM 1.229455
ua tropics 300hPa JJA 1.6012269
ua tropics 300hPa SON 1.7658443
ua tropics 300hPa DJF 3.1220644
ua innertropics 300hPa MAM 1.229455
ua innertropics 300hPa JJA 1.6012269
ua innertropics 300hPa SON 1.7658443
ua innertropics 300hPa DJF 3.1220644
ua nino34 300hPa MAM 1.229455
ua nino34 300hPa JJA 1.6012269
ua nino34 300hPa SON 1.7658443
ua nino34 300hPa DJF 3.1220644
ua southmid 300hPa MAM 1.229455
ua southmid 300hPa JJA 1.6012269
ua southmid 300hPa SON 1.7658443
ua southmid 300hPa DJF 3.1220644
ua antarctic 300hPa MAM 1.229455
ua antarctic 300hPa JJA 1.6012269
ua antarctic 300hPa SON 1.7658443
ua antarctic 300hPa DJF 3.1220644
zg Atlantic_Basin 500hPa MAM 22.46397
zg Atlantic_Basin 500hPa JJA 20.63568
zg Atlantic_Basin 500hPa SON 14.159
zg Atlantic_Basin 500hPa DJF 12.98588
zg Pacific_Basin 500hPa MAM 23.81119
zg Pacific_Basin 500hPa JJA 17.004465
zg Pacific_Basin 500hPa SON 16.440664
zg Pacific_Basin 500hPa DJF 23.744652
zg Indian_Basin 500hPa MAM 31.419678
zg Indian_Basin 500hPa JJA 18.120377
zg Indian_Basin 500hPa SON 13.867246
zg Indian_Basin 500hPa DJF 19.677588
zg Arctic_Basin 500hPa MAM 20.133545
zg Arctic_Basin 500hPa JJA 12.204219
zg Arctic_Basin 500hPa SON 6.753997
zg Arctic_Basin 500hPa DJF 21.161077
zg Southern_Ocean_Basin 500hPa MAM 24.339361
zg Southern_Ocean_Basin 500hPa JJA 6.777029
zg Southern_Ocean_Basin 500hPa SON 6.490393
zg Southern_Ocean_Basin 500hPa DJF 23.825905
zg Mediterranean_Basin 500hPa MAM 54.50879
zg Mediterranean_Basin 500hPa JJA 11.321023
zg Mediterranean_Basin 500hPa SON 16.37429
zg Mediterranean_Basin 500hPa DJF 34.427246
zg Asia 500hPa MAM 30.890577
zg Asia 500hPa JJA 12.466043
zg Asia 500hPa SON 29.161453
zg Asia 500hPa DJF 39.739243
zg North_America 500hPa MAM 27.048618
zg North_America 500hPa JJA 36.871544
zg North_America 500hPa SON 66.55888
zg North_America 500hPa DJF 154.54227
zg Europe 500hPa MAM 29.643372
zg Europe 500hPa JJA 12.755424
zg Europe 500hPa SON 17.8207
zg Europe 500hPa DJF 29.053562
zg Africa 500hPa MAM 21.847359
zg Africa 500hPa JJA 13.4859085
zg Africa 500hPa SON 11.104816
zg Africa 500hPa DJF 24.545076
zg South_America 500hPa MAM 23.948612
zg South_America 500hPa JJA 9.793545
zg South_America 500hPa SON 14.245011
zg South_America 500hPa DJF 30.004847
zg Oceania 500hPa MAM 53.747852
zg Oceania 500hPa JJA 46.89888
zg Oceania 500hPa SON 19.008085
zg Oceania 500hPa DJF 14.611857
zg Australia 500hPa MAM 34.345207
zg Australia 500hPa JJA 28.034157
zg Australia 500hPa SON 36.078743
zg Australia 500hPa DJF 73.64062
zg Antarctica 500hPa MAM 20.806252
zg Antarctica 500hPa JJA 32.379288
zg Antarctica 500hPa SON 11.571231
zg Antarctica 500hPa DJF 26.614828
zg glob 500hPa MAM 25.806202
zg glob 500hPa JJA 36.099865
zg glob 500hPa SON 64.17588
zg glob 500hPa DJF 134.36676
zg arctic 500hPa MAM 25.806202
zg arctic 500hPa JJA 36.099865
zg arctic 500hPa SON 64.17588
zg arctic 500hPa DJF 134.36676
zg northmid 500hPa MAM 25.806202
zg northmid 500hPa JJA 36.099865
zg northmid 500hPa SON 64.17588
zg northmid 500hPa DJF 134.36676
zg tropics 500hPa MAM 25.806202
zg tropics 500hPa JJA 36.099865
zg tropics 500hPa SON 64.17588
zg tropics 500hPa DJF 134.36676
zg innertropics 500hPa MAM 25.806202
zg innertropics 500hPa JJA 36.099865
zg innertropics 500hPa SON 64.17588
zg innertropics 500hPa DJF 134.36676
zg nino34 500hPa MAM 25.806202
zg nino34 500hPa JJA 36.099865
zg nino34 500hPa SON 64.17588
zg nino34 500hPa DJF 134.36676
zg southmid 500hPa MAM 25.806202
zg southmid 500hPa JJA 36.099865
zg southmid 500hPa SON 64.17588
zg southmid 500hPa DJF 134.36676
zg antarctic 500hPa MAM 25.806202
zg antarctic 500hPa JJA 36.099865
zg antarctic 500hPa SON 64.17588
zg antarctic 500hPa DJF 134.36676
zos Atlantic_Basin surface MAM 0.03809023
zos Atlantic_Basin surface JJA 0.15342586
zos Atlantic_Basin surface SON 0.06537073
zos Atlantic_Basin surface DJF 0.014858687
zos Pacific_Basin surface MAM 0.21933864
zos Pacific_Basin surface JJA 0.3751695
zos Pacific_Basin surface SON 0.17898105
zos Pacific_Basin surface DJF 0.251398
zos Indian_Basin surface MAM 0.012271356
zos Indian_Basin surface JJA 0.030943554
zos Indian_Basin surface SON 0.009289861
zos Indian_Basin surface DJF 0.014503438
zos Arctic_Basin surface MAM nan
zos Arctic_Basin surface JJA nan
zos Arctic_Basin surface SON nan
zos Arctic_Basin surface DJF nan
zos Southern_Ocean_Basin surface MAM nan
zos Southern_Ocean_Basin surface JJA nan
zos Southern_Ocean_Basin surface SON nan
zos Southern_Ocean_Basin surface DJF nan
zos Mediterranean_Basin surface MAM nan
zos Mediterranean_Basin surface JJA nan
zos Mediterranean_Basin surface SON nan
zos Mediterranean_Basin surface DJF nan
zos Asia surface MAM 0.04513879
zos Asia surface JJA 0.036728643
zos Asia surface SON 0.024668949
zos Asia surface DJF 0.021202935
zos North_America surface MAM 0.016712822
zos North_America surface JJA 0.016791996
zos North_America surface SON 0.03364987
zos North_America surface DJF 0.008908549
zos Europe surface MAM 0.051734675
zos Europe surface JJA 0.06308673
zos Europe surface SON 0.045199577
zos Europe surface DJF 0.04985621
zos Africa surface MAM 0.039781053
zos Africa surface JJA 0.03529798
zos Africa surface SON 0.03677651
zos Africa surface DJF 0.033283338
zos South_America surface MAM 0.045525722
zos South_America surface JJA 0.04496726
zos South_America surface SON 0.052513372
zos South_America surface DJF 0.04630135
zos Oceania surface MAM 0.20521425
zos Oceania surface JJA 0.39700785
zos Oceania surface SON 0.2117542
zos Oceania surface DJF 0.17227629
zos Australia surface MAM 0.04290129
zos Australia surface JJA 0.047910664
zos Australia surface SON 0.051991038
zos Australia surface DJF 0.038038664
zos Antarctica surface MAM 0.016227487
zos Antarctica surface JJA 0.029507412
zos Antarctica surface SON 0.011679213
zos Antarctica surface DJF 0.017545482
zos glob surface MAM 0.026966833
zos glob surface JJA 0.05799631
zos glob surface SON 0.07027273
zos glob surface DJF 0.023513025
zos arctic surface MAM 0.026966833
zos arctic surface JJA 0.05799631
zos arctic surface SON 0.07027273
zos arctic surface DJF 0.023513025
zos northmid surface MAM 0.026966833
zos northmid surface JJA 0.05799631
zos northmid surface SON 0.07027273
zos northmid surface DJF 0.023513025
zos tropics surface MAM 0.026966833
zos tropics surface JJA 0.05799631
zos tropics surface SON 0.07027273
zos tropics surface DJF 0.023513025
zos innertropics surface MAM 0.026966833
zos innertropics surface JJA 0.05799631
zos innertropics surface SON 0.07027273
zos innertropics surface DJF 0.023513025
zos nino34 surface MAM 0.026966833
zos nino34 surface JJA 0.05799631
zos nino34 surface SON 0.07027273
zos nino34 surface DJF 0.023513025
zos southmid surface MAM 0.026966833
zos southmid surface JJA 0.05799631
zos southmid surface SON 0.07027273
zos southmid surface DJF 0.023513025
zos antarctic surface MAM 0.026966833
zos antarctic surface JJA 0.05799631
zos antarctic surface SON 0.07027273
zos antarctic surface DJF 0.023513025
tos Atlantic_Basin surface MAM 0.20650788
tos Atlantic_Basin surface JJA 0.5011705
tos Atlantic_Basin surface SON 0.5184875
tos Atlantic_Basin surface DJF 0.05683745
tos Pacific_Basin surface MAM 0.18739758
tos Pacific_Basin surface JJA 0.6079343
tos Pacific_Basin surface SON 0.42464375
tos Pacific_Basin surface DJF 0.11230771
tos Indian_Basin surface MAM 0.34939408
tos Indian_Basin surface JJA 0.31441376
tos Indian_Basin surface SON 0.44980082
tos Indian_Basin surface DJF 0.36739954
tos Arctic_Basin surface MAM nan
tos Arctic_Basin surface JJA nan
tos Arctic_Basin surface SON nan
tos Arctic_Basin surface DJF nan
tos Southern_Ocean_Basin surface MAM 0.17740983
tos Southern_Ocean_Basin surface JJA 0.04373321
tos Southern_Ocean_Basin surface SON 0.09822467
tos Southern_Ocean_Basin surface DJF 0.06074035
tos Mediterranean_Basin surface MAM 0.31530625
tos Mediterranean_Basin surface JJA 0.15725172
tos Mediterranean_Basin surface SON 0.067974746
tos Mediterranean_Basin surface DJF 0.36291504
tos Asia surface MAM 0.36102253
tos Asia surface JJA 0.29478526
tos Asia surface SON 0.20170164
tos Asia surface DJF 0.717968
tos North_America surface MAM 0.47439498
tos North_America surface JJA 0.27872688
tos North_America surface SON 0.45755458
tos North_America surface DJF 0.573573
tos Europe surface MAM 0.37202322
tos Europe surface JJA 0.23942031
tos Europe surface SON 0.24610023
tos Europe surface DJF 0.33929604
tos Africa surface MAM 0.19437787
tos Africa surface JJA 0.2470177
tos Africa surface SON 0.18884952
tos Africa surface DJF 0.18887182
tos South_America surface MAM 0.18735608
tos South_America surface JJA 0.14095767
tos South_America surface SON 0.15934749
tos South_America surface DJF 0.25679865
tos Oceania surface MAM 0.0828232
tos Oceania surface JJA 0.32803622
tos Oceania surface SON 0.33581546
tos Oceania surface DJF 0.09127223
tos Australia surface MAM 0.42157322
tos Australia surface JJA 0.13366722
tos Australia surface SON 0.19453044
tos Australia surface DJF 0.5087685
tos Antarctica surface MAM 0.20813869
tos Antarctica surface JJA 0.1280807
tos Antarctica surface SON 0.16025521
tos Antarctica surface DJF 0.15029442
tos glob surface MAM 0.7059689
tos glob surface JJA 0.1471404
tos glob surface SON 0.20843877
tos glob surface DJF 0.8343072
tos arctic surface MAM 0.7059689
tos arctic surface JJA 0.1471404
tos arctic surface SON 0.20843877
tos arctic surface DJF 0.8343072
tos northmid surface MAM 0.7059689
tos northmid surface JJA 0.1471404
tos northmid surface SON 0.20843877
tos northmid surface DJF 0.8343072
tos tropics surface MAM 0.7059689
tos tropics surface JJA 0.1471404
tos tropics surface SON 0.20843877
tos tropics surface DJF 0.8343072
tos innertropics surface MAM 0.7059689
tos innertropics surface JJA 0.1471404
tos innertropics surface SON 0.20843877
tos innertropics surface DJF 0.8343072
tos nino34 surface MAM 0.7059689
tos nino34 surface JJA 0.1471404
tos nino34 surface SON 0.20843877
tos nino34 surface DJF 0.8343072
tos southmid surface MAM 0.7059689
tos southmid surface JJA 0.1471404
tos southmid surface SON 0.20843877
tos southmid surface DJF 0.8343072
tos antarctic surface MAM 0.7059689
tos antarctic surface JJA 0.1471404
tos antarctic surface SON 0.20843877
tos antarctic surface DJF 0.8343072
mlotst Atlantic_Basin surface MAM 20.076982
mlotst Atlantic_Basin surface JJA 15.102643
mlotst Atlantic_Basin surface SON 17.020344
mlotst Atlantic_Basin surface DJF 30.22
mlotst Pacific_Basin surface MAM 24.981865
mlotst Pacific_Basin surface JJA 13.523829
mlotst Pacific_Basin surface SON 21.943762
mlotst Pacific_Basin surface DJF 31.964401
mlotst Indian_Basin surface MAM 24.872034
mlotst Indian_Basin surface JJA 10.84125
mlotst Indian_Basin surface SON 21.646902
mlotst Indian_Basin surface DJF 43.093433
mlotst Arctic_Basin surface MAM nan
mlotst Arctic_Basin surface JJA nan
mlotst Arctic_Basin surface SON nan
mlotst Arctic_Basin surface DJF nan
mlotst Southern_Ocean_Basin surface MAM 19.303602
mlotst Southern_Ocean_Basin surface JJA 16.784399
mlotst Southern_Ocean_Basin surface SON 14.392762
mlotst Southern_Ocean_Basin surface DJF 19.140621
mlotst Mediterranean_Basin surface MAM 26.364285
mlotst Mediterranean_Basin surface JJA 58.567562
mlotst Mediterranean_Basin surface SON 45.446873
mlotst Mediterranean_Basin surface DJF 18.89662
mlotst Asia surface MAM 33.937927
mlotst Asia surface JJA 67.68459
mlotst Asia surface SON 50.042976
mlotst Asia surface DJF 16.941631
mlotst North_America surface MAM 33.427143
mlotst North_America surface JJA 90.82215
mlotst North_America surface SON 95.71871
mlotst North_America surface DJF 9.882725
mlotst Europe surface MAM 57.592297
mlotst Europe surface JJA 9.634005
mlotst Europe surface SON 13.738613
mlotst Europe surface DJF 60.70374
mlotst Africa surface MAM 15.011464
mlotst Africa surface JJA 9.231797
mlotst Africa surface SON 9.483556
mlotst Africa surface DJF 16.893345
mlotst South_America surface MAM 5.605136
mlotst South_America surface JJA 35.022614
mlotst South_America surface SON 24.37367
mlotst South_America surface DJF 4.811574
mlotst Oceania surface MAM 15.559841
mlotst Oceania surface JJA 4.680253
mlotst Oceania surface SON 10.1898775
mlotst Oceania surface DJF 16.859337
mlotst Australia surface MAM 10.789665
mlotst Australia surface JJA 63.04423
mlotst Australia surface SON 78.96708
mlotst Australia surface DJF 4.8275533
mlotst Antarctica surface MAM 13.218443
mlotst Antarctica surface JJA 3.9480057
mlotst Antarctica surface SON 5.595776
mlotst Antarctica surface DJF 27.878479
mlotst glob surface MAM 15.338947
mlotst glob surface JJA 74.95888
mlotst glob surface SON 75.85357
mlotst glob surface DJF 3.7563014
mlotst arctic surface MAM 15.338947
mlotst arctic surface JJA 74.95888
mlotst arctic surface SON 75.85357
mlotst arctic surface DJF 3.7563014
mlotst northmid surface MAM 15.338947
mlotst northmid surface JJA 74.95888
mlotst northmid surface SON 75.85357
mlotst northmid surface DJF 3.7563014
mlotst tropics surface MAM 15.338947
mlotst tropics surface JJA 74.95888
mlotst tropics surface SON 75.85357
mlotst tropics surface DJF 3.7563014
mlotst innertropics surface MAM 15.338947
mlotst innertropics surface JJA 74.95888
mlotst innertropics surface SON 75.85357
mlotst innertropics surface DJF 3.7563014
mlotst nino34 surface MAM 15.338947
mlotst nino34 surface JJA 74.95888
mlotst nino34 surface SON 75.85357
mlotst nino34 surface DJF 3.7563014
mlotst southmid surface MAM 15.338947
mlotst southmid surface JJA 74.95888
mlotst southmid surface SON 75.85357
mlotst southmid surface DJF 3.7563014
mlotst antarctic surface MAM 15.338947
mlotst antarctic surface JJA 74.95888
mlotst antarctic surface SON 75.85357
mlotst antarctic surface DJF 3.7563014
thetao Atlantic_Basin 10m MAM 0.6318812
thetao Atlantic_Basin 10m JJA 1.1393229
thetao Atlantic_Basin 10m SON 0.88949066
thetao Atlantic_Basin 10m DJF 0.49747342
thetao Atlantic_Basin 100m MAM 1.051867
thetao Atlantic_Basin 100m JJA 0.8192363
thetao Atlantic_Basin 100m SON 1.5038152
thetao Atlantic_Basin 100m DJF 1.297011
thetao Atlantic_Basin 1000m MAM nan
thetao Atlantic_Basin 1000m JJA nan
thetao Atlantic_Basin 1000m SON nan
thetao Atlantic_Basin 1000m DJF nan
thetao Pacific_Basin 10m MAM 1.1160483
thetao Pacific_Basin 10m JJA 1.1649047
thetao Pacific_Basin 10m SON 0.6923361
thetao Pacific_Basin 10m DJF 1.0522932
thetao Pacific_Basin 100m MAM 1.110646
thetao Pacific_Basin 100m JJA 1.2839535
thetao Pacific_Basin 100m SON 1.5260298
thetao Pacific_Basin 100m DJF 1.5634354
thetao Pacific_Basin 1000m MAM nan
thetao Pacific_Basin 1000m JJA nan
thetao Pacific_Basin 1000m SON nan
thetao Pacific_Basin 1000m DJF nan
thetao Indian_Basin 10m MAM 1.531815
thetao Indian_Basin 10m JJA 1.5679283
thetao Indian_Basin 10m SON 1.7643663
thetao Indian_Basin 10m DJF 1.4296793
thetao Indian_Basin 100m MAM 0.9056153
thetao Indian_Basin 100m JJA 1.0338252
thetao Indian_Basin 100m SON 1.0623741
thetao Indian_Basin 100m DJF 0.89094996
thetao Indian_Basin 1000m MAM nan
thetao Indian_Basin 1000m JJA nan
thetao Indian_Basin 1000m SON nan
thetao Indian_Basin 1000m DJF nan
thetao Arctic_Basin 10m MAM nan
thetao Arctic_Basin 10m JJA nan
thetao Arctic_Basin 10m SON nan
thetao Arctic_Basin 10m DJF nan
thetao Arctic_Basin 100m MAM nan
thetao Arctic_Basin 100m JJA nan
thetao Arctic_Basin 100m SON nan
thetao Arctic_Basin 100m DJF nan
thetao Arctic_Basin 1000m MAM nan
thetao Arctic_Basin 1000m JJA nan
thetao Arctic_Basin 1000m SON nan
thetao Arctic_Basin 1000m DJF nan
thetao Southern_Ocean_Basin 10m MAM 1.8521156
thetao Southern_Ocean_Basin 10m JJA 1.9123745
thetao Southern_Ocean_Basin 10m SON 1.5579891
thetao Southern_Ocean_Basin 10m DJF 1.9400673
thetao Southern_Ocean_Basin 100m MAM nan
thetao Southern_Ocean_Basin 100m JJA nan
thetao Southern_Ocean_Basin 100m SON nan
thetao Southern_Ocean_Basin 100m DJF nan
thetao Southern_Ocean_Basin 1000m MAM nan
thetao Southern_Ocean_Basin 1000m JJA nan
thetao Southern_Ocean_Basin 1000m SON nan
thetao Southern_Ocean_Basin 1000m DJF nan
thetao Mediterranean_Basin 10m MAM 0.034132004
thetao Mediterranean_Basin 10m JJA 1.0333099
thetao Mediterranean_Basin 10m SON 1.3659248
thetao Mediterranean_Basin 10m DJF 0.093860626
thetao Mediterranean_Basin 100m MAM 1.2435341
thetao Mediterranean_Basin 100m JJA 1.5021
thetao Mediterranean_Basin 100m SON 0.7743492
thetao Mediterranean_Basin 100m DJF 0.7219219
thetao Mediterranean_Basin 1000m MAM nan
thetao Mediterranean_Basin 1000m JJA nan
thetao Mediterranean_Basin 1000m SON nan
thetao Mediterranean_Basin 1000m DJF nan
thetao Asia 10m MAM 0.9743433
thetao Asia 10m JJA 0.62611246
thetao Asia 10m SON 0.8557792
thetao Asia 10m DJF 0.9734335
thetao Asia 100m MAM nan
thetao Asia 100m JJA nan
thetao Asia 100m SON nan
thetao Asia 100m DJF nan
thetao Asia 1000m MAM nan
thetao Asia 1000m JJA nan
thetao Asia 1000m SON nan
thetao Asia 1000m DJF nan
thetao North_America 10m MAM 1.8143725
thetao North_America 10m JJA 1.1023747
thetao North_America 10m SON 1.0618436
thetao North_America 10m DJF 3.0572197
thetao North_America 100m MAM 1.1146238
thetao North_America 100m JJA 1.055641
thetao North_America 100m SON 0.6006123
thetao North_America 100m DJF 0.73154885
thetao North_America 1000m MAM 1.0809834
thetao North_America 1000m JJA 0.94324803
thetao North_America 1000m SON 0.8873502
thetao North_America 1000m DJF 1.0673572
thetao Europe 10m MAM 1.4862142
thetao Europe 10m JJA 1.8068259
thetao Europe 10m SON 1.7714576
thetao Europe 10m DJF 1.6836776
thetao Europe 100m MAM 1.900675
thetao Europe 100m JJA 1.8566065
thetao Europe 100m SON 1.751103
thetao Europe 100m DJF 1.7022619
thetao Europe 1000m MAM 3.9864554
thetao Europe 1000m JJA 3.99429
thetao Europe 1000m SON 3.9932702
thetao Europe 1000m DJF 3.9714499
thetao Africa 10m MAM 0.91400826
thetao Africa 10m JJA 0.90564656
thetao Africa 10m SON 1.0855831
thetao Africa 10m DJF 1.0669056
thetao Africa 100m MAM 1.3582627
thetao Africa 100m JJA 1.3903874
thetao Africa 100m SON 1.3460625
thetao Africa 100m DJF 1.2951784
thetao Africa 1000m MAM 2.3841045
thetao Africa 1000m JJA 2.3892145
thetao Africa 1000m SON 2.3840163
thetao Africa 1000m DJF 2.3845944
thetao South_America 10m MAM 0.7910365
thetao South_America 10m JJA 0.54395485
thetao South_America 10m SON 0.45714262
thetao South_America 10m DJF 0.72129804
thetao South_America 100m MAM 1.0028923
thetao South_America 100m JJA 0.9428316
thetao South_America 100m SON 1.340828
thetao South_America 100m DJF 1.1777202
thetao South_America 1000m MAM 2.3088021
thetao South_America 1000m JJA 2.3157916
thetao South_America 1000m SON 2.3257627
thetao South_America 1000m DJF 2.3013854
thetao Oceania 10m MAM 0.45200846
thetao Oceania 10m JJA 0.6647735
thetao Oceania 10m SON 0.63779056
thetao Oceania 10m DJF 0.572932
thetao Oceania 100m MAM 0.5606298
thetao Oceania 100m JJA 0.62504077
thetao Oceania 100m SON 0.65701026
thetao Oceania 100m DJF 0.5942641
thetao Oceania 1000m MAM 1.623702
thetao Oceania 1000m JJA 1.6385723
thetao Oceania 1000m SON 1.6297357
thetao Oceania 1000m DJF 1.620875
thetao Australia 10m MAM 1.505853
thetao Australia 10m JJA 0.90449595
thetao Australia 10m SON 0.9181839
thetao Australia 10m DJF 2.2560294
thetao Australia 100m MAM 0.929124
thetao Australia 100m JJA 0.99605185
thetao Australia 100m SON 0.9472753
thetao Australia 100m DJF 0.9278755
thetao Australia 1000m MAM 1.7461386
thetao Australia 1000m JJA 1.7467756
thetao Australia 1000m SON 1.742962
thetao Australia 1000m DJF 1.7407451
thetao Antarctica 10m MAM 1.6141958
thetao Antarctica 10m JJA 1.9342808
thetao Antarctica 10m SON 2.4250364
thetao Antarctica 10m DJF 1.6129359
thetao Antarctica 100m MAM 1.0711743
thetao Antarctica 100m JJA 1.2365303
thetao Antarctica 100m SON 1.3626889
thetao Antarctica 100m DJF 1.1767939
thetao Antarctica 1000m MAM 0.6511493
thetao Antarctica 1000m JJA 0.6543871
thetao Antarctica 1000m SON 0.6537097
thetao Antarctica 1000m DJF 0.6621326
thetao glob 10m MAM 1.5415162
thetao glob 10m JJA 0.49804667
thetao glob 10m SON 0.42405987
thetao glob 10m DJF 3.0987172
thetao glob 100m MAM 0.6012701
thetao glob 100m JJA 0.596809
thetao glob 100m SON 0.41880023
thetao glob 100m DJF 0.49190882
thetao glob 1000m MAM 0.8022097
thetao glob 1000m JJA 0.7899329
thetao glob 1000m SON 0.79883057
thetao glob 1000m DJF 0.80447656
thetao arctic 10m MAM 1.5415162
thetao arctic 10m JJA 0.49804667
thetao arctic 10m SON 0.42405987
thetao arctic 10m DJF 3.0987172
thetao arctic 100m MAM 0.6012701
thetao arctic 100m JJA 0.596809
thetao arctic 100m SON 0.41880023
thetao arctic 100m DJF 0.49190882
thetao arctic 1000m MAM 0.8022097
thetao arctic 1000m JJA 0.7899329
thetao arctic 1000m SON 0.79883057
thetao arctic 1000m DJF 0.80447656
thetao northmid 10m MAM 1.5415162
thetao northmid 10m JJA 0.49804667
thetao northmid 10m SON 0.42405987
thetao northmid 10m DJF 3.0987172
thetao northmid 100m MAM 0.6012701
thetao northmid 100m JJA 0.596809
thetao northmid 100m SON 0.41880023
thetao northmid 100m DJF 0.49190882
thetao northmid 1000m MAM 0.8022097
thetao northmid 1000m JJA 0.7899329
thetao northmid 1000m SON 0.79883057
thetao northmid 1000m DJF 0.80447656
thetao tropics 10m MAM 1.5415162
thetao tropics 10m JJA 0.49804667
thetao tropics 10m SON 0.42405987
thetao tropics 10m DJF 3.0987172
thetao tropics 100m MAM 0.6012701
thetao tropics 100m JJA 0.596809
thetao tropics 100m SON 0.41880023
thetao tropics 100m DJF 0.49190882
thetao tropics 1000m MAM 0.8022097
thetao tropics 1000m JJA 0.7899329
thetao tropics 1000m SON 0.79883057
thetao tropics 1000m DJF 0.80447656
thetao innertropics 10m MAM 1.5415162
thetao innertropics 10m JJA 0.49804667
thetao innertropics 10m SON 0.42405987
thetao innertropics 10m DJF 3.0987172
thetao innertropics 100m MAM 0.6012701
thetao innertropics 100m JJA 0.596809
thetao innertropics 100m SON 0.41880023
thetao innertropics 100m DJF 0.49190882
thetao innertropics 1000m MAM 0.8022097
thetao innertropics 1000m JJA 0.7899329
thetao innertropics 1000m SON 0.79883057
thetao innertropics 1000m DJF 0.80447656
thetao nino34 10m MAM 1.5415162
thetao nino34 10m JJA 0.49804667
thetao nino34 10m SON 0.42405987
thetao nino34 10m DJF 3.0987172
thetao nino34 100m MAM 0.6012701
thetao nino34 100m JJA 0.596809
thetao nino34 100m SON 0.41880023
thetao nino34 100m DJF 0.49190882
thetao nino34 1000m MAM 0.8022097
thetao nino34 1000m JJA 0.7899329
thetao nino34 1000m SON 0.79883057
thetao nino34 1000m DJF 0.80447656
thetao southmid 10m MAM 1.5415162
thetao southmid 10m JJA 0.49804667
thetao southmid 10m SON 0.42405987
thetao southmid 10m DJF 3.0987172
thetao southmid 100m MAM 0.6012701
thetao southmid 100m JJA 0.596809
thetao southmid 100m SON 0.41880023
thetao southmid 100m DJF 0.49190882
thetao southmid 1000m MAM 0.8022097
thetao southmid 1000m JJA 0.7899329
thetao southmid 1000m SON 0.79883057
thetao southmid 1000m DJF 0.80447656
thetao antarctic 10m MAM 1.5415162
thetao antarctic 10m JJA 0.49804667
thetao antarctic 10m SON 0.42405987
thetao antarctic 10m DJF 3.0987172
thetao antarctic 100m MAM 0.6012701
thetao antarctic 100m JJA 0.596809
thetao antarctic 100m SON 0.41880023
thetao antarctic 100m DJF 0.49190882
thetao antarctic 1000m MAM 0.8022097
thetao antarctic 1000m JJA 0.7899329
thetao antarctic 1000m SON 0.79883057
thetao antarctic 1000m DJF 0.80447656
so Atlantic_Basin 10m MAM 2.2775426
so Atlantic_Basin 10m JJA 2.4408054
so Atlantic_Basin 10m SON 2.5904772
so Atlantic_Basin 10m DJF 2.4341524
so Atlantic_Basin 100m MAM 0.4772606
so Atlantic_Basin 100m JJA 0.4198494
so Atlantic_Basin 100m SON 0.42588425
so Atlantic_Basin 100m DJF 0.4794159
so Atlantic_Basin 1000m MAM nan
so Atlantic_Basin 1000m JJA nan
so Atlantic_Basin 1000m SON nan
so Atlantic_Basin 1000m DJF nan
so Pacific_Basin 10m MAM 1.6542758
so Pacific_Basin 10m JJA 1.8186947
so Pacific_Basin 10m SON 1.5534806
so Pacific_Basin 10m DJF 1.355829
so Pacific_Basin 100m MAM 1.1449735
so Pacific_Basin 100m JJA 1.1160997
so Pacific_Basin 100m SON 1.0890688
so Pacific_Basin 100m DJF 1.1490103
so Pacific_Basin 1000m MAM nan
so Pacific_Basin 1000m JJA nan
so Pacific_Basin 1000m SON nan
so Pacific_Basin 1000m DJF nan
so Indian_Basin 10m MAM 2.3026474
so Indian_Basin 10m JJA 2.4215605
so Indian_Basin 10m SON 2.309616
so Indian_Basin 10m DJF 2.1708202
so Indian_Basin 100m MAM 0.7817764
so Indian_Basin 100m JJA 0.80186176
so Indian_Basin 100m SON 0.80942345
so Indian_Basin 100m DJF 0.8381796
so Indian_Basin 1000m MAM nan
so Indian_Basin 1000m JJA nan
so Indian_Basin 1000m SON nan
so Indian_Basin 1000m DJF nan
so Arctic_Basin 10m MAM nan
so Arctic_Basin 10m JJA nan
so Arctic_Basin 10m SON nan
so Arctic_Basin 10m DJF nan
so Arctic_Basin 100m MAM nan
so Arctic_Basin 100m JJA nan
so Arctic_Basin 100m SON nan
so Arctic_Basin 100m DJF nan
so Arctic_Basin 1000m MAM nan
so Arctic_Basin 1000m JJA nan
so Arctic_Basin 1000m SON nan
so Arctic_Basin 1000m DJF nan
so Southern_Ocean_Basin 10m MAM 0.00017547607
so Southern_Ocean_Basin 10m JJA 0.15584564
so Southern_Ocean_Basin 10m SON 0.32019043
so Southern_Ocean_Basin 10m DJF 0.50823975
so Southern_Ocean_Basin 100m MAM nan
so Southern_Ocean_Basin 100m JJA nan
so Southern_Ocean_Basin 100m SON nan
so Southern_Ocean_Basin 100m DJF nan
so Southern_Ocean_Basin 1000m MAM nan
so Southern_Ocean_Basin 1000m JJA nan
so Southern_Ocean_Basin 1000m SON nan
so Southern_Ocean_Basin 1000m DJF nan
so Mediterranean_Basin 10m MAM 0.36364365
so Mediterranean_Basin 10m JJA 0.38520432
so Mediterranean_Basin 10m SON 0.37179565
so Mediterranean_Basin 10m DJF 0.30339813
so Mediterranean_Basin 100m MAM 0.1694336
so Mediterranean_Basin 100m JJA 0.094242096
so Mediterranean_Basin 100m SON 0.40719986
so Mediterranean_Basin 100m DJF 0.3141098
so Mediterranean_Basin 1000m MAM nan
so Mediterranean_Basin 1000m JJA nan
so Mediterranean_Basin 1000m SON nan
so Mediterranean_Basin 1000m DJF nan
so Asia 10m MAM 0.59596825
so Asia 10m JJA 0.54698753
so Asia 10m SON 0.57517815
so Asia 10m DJF 0.6297302
so Asia 100m MAM nan
so Asia 100m JJA nan
so Asia 100m SON nan
so Asia 100m DJF nan
so Asia 1000m MAM nan
so Asia 1000m JJA nan
so Asia 1000m SON nan
so Asia 1000m DJF nan
so North_America 10m MAM 0.12897491
so North_America 10m JJA 0.07347107
so North_America 10m SON 0.05298233
so North_America 10m DJF 0.17178345
so North_America 100m MAM 0.06298065
so North_America 100m JJA 0.065711975
so North_America 100m SON 0.072841644
so North_America 100m DJF 0.011165619
so North_America 1000m MAM 0.12541199
so North_America 1000m JJA 0.15256119
so North_America 1000m SON 0.14753342
so North_America 1000m DJF 0.121147156
so Europe 10m MAM 0.6887593
so Europe 10m JJA 0.77651715
so Europe 10m SON 0.7332644
so Europe 10m DJF 0.6589568
so Europe 100m MAM 0.5698859
so Europe 100m JJA 0.55441487
so Europe 100m SON 0.5381742
so Europe 100m DJF 0.5564927
so Europe 1000m MAM 0.49285573
so Europe 1000m JJA 0.4923772
so Europe 1000m SON 0.49233317
so Europe 1000m DJF 0.49138236
so Africa 10m MAM 0.31203493
so Africa 10m JJA 0.3194635
so Africa 10m SON 0.30798504
so Africa 10m DJF 0.30064616
so Africa 100m MAM 0.26065338
so Africa 100m JJA 0.2531544
so Africa 100m SON 0.24202847
so Africa 100m DJF 0.23980987
so Africa 1000m MAM 0.06838782
so Africa 1000m JJA 0.068288706
so Africa 1000m SON 0.06813082
so Africa 1000m DJF 0.0677607
so South_America 10m MAM 0.2310299
so South_America 10m JJA 0.2011587
so South_America 10m SON 0.2309239
so South_America 10m DJF 0.21885957
so South_America 100m MAM 0.18471573
so South_America 100m JJA 0.19211827
so South_America 100m SON 0.20957747
so South_America 100m DJF 0.19271888
so South_America 1000m MAM 0.092898734
so South_America 1000m JJA 0.08993938
so South_America 1000m SON 0.0908343
so South_America 1000m DJF 0.091382094
so Oceania 10m MAM 2.536129
so Oceania 10m JJA 2.8498836
so Oceania 10m SON 2.880138
so Oceania 10m DJF 2.7556136
so Oceania 100m MAM 2.501884
so Oceania 100m JJA 2.5138261
so Oceania 100m SON 2.5617504
so Oceania 100m DJF 2.4934647
so Oceania 1000m MAM 0.05040894
so Oceania 1000m JJA 0.046094436
so Oceania 1000m SON 0.044995416
so Oceania 1000m DJF 0.05406905
so Australia 10m MAM 0.1897072
so Australia 10m JJA 0.15419862
so Australia 10m SON 0.14759095
so Australia 10m DJF 0.19316871
so Australia 100m MAM 0.13237727
so Australia 100m JJA 0.15308098
so Australia 100m SON 0.15902291
so Australia 100m DJF 0.14542104
so Australia 1000m MAM 0.12885515
so Australia 1000m JJA 0.12757535
so Australia 1000m SON 0.12662207
so Australia 1000m DJF 0.1263919
so Antarctica 10m MAM 1.3942977
so Antarctica 10m JJA 1.3826132
so Antarctica 10m SON 1.336793
so Antarctica 10m DJF 1.354637
so Antarctica 100m MAM 0.9911671
so Antarctica 100m JJA 1.025159
so Antarctica 100m SON 1.0296153
so Antarctica 100m DJF 1.0201523
so Antarctica 1000m MAM 5.5289187
so Antarctica 1000m JJA 5.519066
so Antarctica 1000m SON 5.527439
so Antarctica 1000m DJF 5.5380354
so glob 10m MAM 0.18196657
so glob 10m JJA 0.13458538
so glob 10m SON 0.13692087
so glob 10m DJF 0.2183964
so glob 100m MAM 0.15378313
so glob 100m JJA 0.17267644
so glob 100m SON 0.19015552
so glob 100m DJF 0.16608606
so glob 1000m MAM 0.15625061
so glob 1000m JJA 0.15594874
so glob 1000m SON 0.15441884
so glob 1000m DJF 0.15337247
so arctic 10m MAM 0.18196657
so arctic 10m JJA 0.13458538
so arctic 10m SON 0.13692087
so arctic 10m DJF 0.2183964
so arctic 100m MAM 0.15378313
so arctic 100m JJA 0.17267644
so arctic 100m SON 0.19015552
so arctic 100m DJF 0.16608606
so arctic 1000m MAM 0.15625061
so arctic 1000m JJA 0.15594874
so arctic 1000m SON 0.15441884
so arctic 1000m DJF 0.15337247
so northmid 10m MAM 0.18196657
so northmid 10m JJA 0.13458538
so northmid 10m SON 0.13692087
so northmid 10m DJF 0.2183964
so northmid 100m MAM 0.15378313
so northmid 100m JJA 0.17267644
so northmid 100m SON 0.19015552
so northmid 100m DJF 0.16608606
so northmid 1000m MAM 0.15625061
so northmid 1000m JJA 0.15594874
so northmid 1000m SON 0.15441884
so northmid 1000m DJF 0.15337247
so tropics 10m MAM 0.18196657
so tropics 10m JJA 0.13458538
so tropics 10m SON 0.13692087
so tropics 10m DJF 0.2183964
so tropics 100m MAM 0.15378313
so tropics 100m JJA 0.17267644
so tropics 100m SON 0.19015552
so tropics 100m DJF 0.16608606
so tropics 1000m MAM 0.15625061
so tropics 1000m JJA 0.15594874
so tropics 1000m SON 0.15441884
so tropics 1000m DJF 0.15337247
so innertropics 10m MAM 0.18196657
so innertropics 10m JJA 0.13458538
so innertropics 10m SON 0.13692087
so innertropics 10m DJF 0.2183964
so innertropics 100m MAM 0.15378313
so innertropics 100m JJA 0.17267644
so innertropics 100m SON 0.19015552
so innertropics 100m DJF 0.16608606
so innertropics 1000m MAM 0.15625061
so innertropics 1000m JJA 0.15594874
so innertropics 1000m SON 0.15441884
so innertropics 1000m DJF 0.15337247
so nino34 10m MAM 0.18196657
so nino34 10m JJA 0.13458538
so nino34 10m SON 0.13692087
so nino34 10m DJF 0.2183964
so nino34 100m MAM 0.15378313
so nino34 100m JJA 0.17267644
so nino34 100m SON 0.19015552
so nino34 100m DJF 0.16608606
so nino34 1000m MAM 0.15625061
so nino34 1000m JJA 0.15594874
so nino34 1000m SON 0.15441884
so nino34 1000m DJF 0.15337247
so southmid 10m MAM 0.18196657
so southmid 10m JJA 0.13458538
so southmid 10m SON 0.13692087
so southmid 10m DJF 0.2183964
so southmid 100m MAM 0.15378313
so southmid 100m JJA 0.17267644
so southmid 100m SON 0.19015552
so southmid 100m DJF 0.16608606
so southmid 1000m MAM 0.15625061
so southmid 1000m JJA 0.15594874
so southmid 1000m SON 0.15441884
so southmid 1000m DJF 0.15337247
so antarctic 10m MAM 0.18196657
so antarctic 10m JJA 0.13458538
so antarctic 10m SON 0.13692087
so antarctic 10m DJF 0.2183964
so antarctic 100m MAM 0.15378313
so antarctic 100m JJA 0.17267644
so antarctic 100m SON 0.19015552
so antarctic 100m DJF 0.16608606
so antarctic 1000m MAM 0.15625061
so antarctic 1000m JJA 0.15594874
so antarctic 1000m SON 0.15441884
so antarctic 1000m DJF 0.15337247
